185,416,191,260,43,33,280,219,83,124,432,213,352,275,286,205,196,373,247,166
92,323,385,257,24,456,243,233,22,209,62,147,358,96,146,373,114,210,214,20
22,24,207,39,343,368,309,317,417,435,215,75,458,378,286,278,331,174,123,408
271,240,312,289,291,85,199,273,100,114,178,248,138,131,203,317,473,216,253,102
221,54,370,50,127,38,405,205,414,430,245,290,171,122,345,44,32,124,63,274
143,469,10,139,32,117,157,222,434,105,422,72,144,435,69,470,174,203,99,4
277,261,295,382,205,213,36,133,309,120,263,466,209,68,464,69,184,26,103,37
345,302,47,13,423,327,211,330,352,195,234,114,21,290,116,374,106,399,156,474
223,38,333,157,438,438,400,269,21,221,80,381,152,151,219,390,197,362,109,139
3,135,280,52,185,450,71,136,443,162,282,388,434,138,157,299,33,75,469,191
29,318,179,153,333,388,461,129,146,324,437,178,381,183,6,434,151,5,60,148
18,204,440,431,27,98,305,315,172,250,381,38,306,320,105,111,299,21,227,275
74,100,223,81,362,170,447,155,69,377,257,65,341,67,396,57,345,451,70,77
162,131,218,328,237,179,15,234,282,262,145,62,187,114,1,361,380,274,414,430
465,282,148,391,219,338,203,258,195,269,468,176,472,396,409,201,120,164,457,160
97,338,415,165,421,372,8,449,15,338,172,457,417,282,392,49,30,279,351,366
359,425,35,79,196,194,342,336,350,115,338,470,234,91,181,267,17,388,362,351
68,314,388,406,171,81,167,259,237,355,84,45,305,294,60,12,44,394,458,436
471,447,234,141,210,3,382,276,142,238,254,92,413,279,202,236,163,239,102,273
132,103,351,109,185,453,450,22,55,416,73,276,32,190,136,107,320,384,125,27
417,47,40,340,377,304,345,419,221,397,58,438,3,127,220,204,70,237,141,325
113,114,136,415,422,170,325,249,210,368,386,297,440,431,78,194,70,242,295,341
353,409,172,353,170,66,4,276,55,303,471,219,453,380,374,286,224,30,211,346
8,47,317,412,160,199,302,355,385,43,430,97,417,151,31,88,191,35,113,82
279,128,444,292,354,161,228,329,294,439,22,250,186,243,179,375,316,409,98,62
129,36,196,190,388,415,119,323,112,291,411,370,290,175,136,47,334,456,359,169
229,77,349,271,14,330,88,263,474,295,360,382,356,445,377,309,216,284,471,84
58,294,54,386,68,390,474,262,470,103,372,140,420,283,326,199,314,49,250,270
75,60,114,179,359,163,356,271,169,73,237,157,215,58,146,155,421,92,140,253
216,112,96,184,370,86,253,330,223,72,82,129,252,113,60,412,88,150,413,437
81,449,291,172,104,194,61,20,290,87,184,412,367,383,404,296,206,266,205,80
358,76,45,50,457,75,2,166,134,227,411,69,440,198,441,431,265,285,129,169
197,428,391,243,282,35,420,35,162,425,5,315,28,209,207,87,13,429,92,378
263,310,175,150,390,192,414,173,199,319,434,266,270,35,229,305,468,184,212,105
392,219,37,33,282,324,395,116,443,360,375,468,161,433,31,36,202,120,227,237
336,178,386,340,294,38,446,132,5,41,105,332,412,252,407,286,440,257,416,163
325,244,120,163,439,291,8,332,468,298,259,315,376,83,448,292,453,262,346,364
102,431,145,124,177,306,139,460,36,448,230,35,471,421,84,365,153,239,386,366
119,394,376,77,443,275,47,139,255,353,6,343,26,473,48,352,28,261,380,262
50,427,364,153,230,16,5,262,384,447,133,202,182,30,92,283,271,236,386,329
387,414,412,97,256,231,414,113,441,365,122,434,399,152,63,444,160,45,295,51
332,392,95,265,205,445,422,369,271,191,411,355,100,136,311,144,96,308,197,323
85,258,142,396,246,408,278,366,328,18,275,371,208,426,141,250,3,277,467,264
66,326,229,387,225,422,117,242,65,136,70,155,390,218,388,72,473,354,99,211
398,363,179,436,43,336,184,164,80,153,342,260,264,2,458,400,53,440,119,55
157,464,14,210,28,171,103,92,225,146,461,416,292,232,267,282,325,165,446,359
431,439,243,401,189,244,84,434,8,391,396,63,286,345,445,358,90,342,265,379
466,351,78,221,42,438,459,102,131,75,146,309,45,440,157,263,96,115,147,21
253,317,236,128,203,222,266,160,69,29,324,457,413,393,373,166,444,452,58,349
196,51,448,57,176,151,269,204,430,367,52,114,359,98,310,428,325,245,413,105
